24/09/1994,4,10,17,21,29,37,9,R
28/09/1994,10,15,21,27,39,42,25,R
01/10/1994,4,10,17,21,29,37,9,R
05/10/1994,10,19,30,32,35,40,39,R
12/10/1995,21,24,30,31,33,42,34,R
15/10/1994,3,8,12,31,33,35,22,R
19/10/1994,2,3,5,6,14,34,24,R
22/10/1994,16,19,25,31,32,41,30,R
26/10/1994,3,5,11,27,31,37,1,R
29/10/1994,1,2,4,10,21,35,14,R
29/10/1994,4,5,10,13,33,36,12,S
02/11/1994,6,12,23,30,34,35,5,R
05/11/1994,5,17,25,31,37,40,13,R
09/11/1994,2,9,10,17,27,39,11,R
12/11/1994,4,11,15,17,21,41,16,R
16/11/1994,7,10,21,22,24,25,17,R
19/11/1994,3,8,10,31,36,39,2,R
23/11/1994,7,24,31,34,35,36,20,R
26/11/1994,1,16,19,35,36,37,29,R
30/11/1994,6,11,22,24,33,42,39,R
03/12/1994,4,6,12,24,34,35,17,R
07/12/1994,14,22,25,31,34,41,4,R
10/12/1994,13,14,23,26,31,34,29,R
14/12/1994,1,4,11,14,21,25,13,R
17/12/1994,3,4,6,7,20,23,22,R
21/12/1994,1,11,19,23,24,27,17,R
24/12/1994,4,9,11,14,16,17,37,R
28/12/1994,5,11,18,33,37,39,2,R
31/12/1994,18,22,28,34,41,42,2,R
04/01/1995,6,11,19,30,37,40,26,R
07/01/1995,1,22,24,31,33,41,9,R
11/01/1995,5,6,13,20,38,42,28,R
14/01/1995,6,9,14,34,35,39,38,R
18/01/1995,4,5,20,21,25,35,9,R
21/01/1995,4,8,9,13,18,30,14,R
25/01/1995,5,7,13,30,32,38,18,R
28/01/1995,2,7,13,14,30,32,28,R
01/02/1995,3,4,8,13,21,36,22,R
04/02/1995,16,17,18,23,26,34,24,R
08/02/1995,1,4,9,18,32,41,24,R
11/02/1995,12,16,19,20,23,26,25,R
15/02/1995,5,15,21,24,27,31,14,R
18/02/1995,9,24,32,37,38,39,23,R
22/02/1995,2,5,12,19,23,28,33,R
25/02/1995,4,5,14,16,32,41,35,R
01/03/1995,2,10,11,17,21,34,36,R
04/03/1995,9,11,13,17,20,42,33,R
08/03/1995,7,10,15,20,35,40,1,R
11/03/1995,4,6,8,14,35,37,18,R
15/03/1995,2,8,26,31,32,39,40,R
18/03/1995,1,8,9,15,22,36,19,R
18/03/1995,4,11,13,15,24,39,12,SP
22/03/1995,2,8,16,30,32,42,37,R
25/03/1995,1,3,7,30,37,38,12,R
29/03/1995,7,22,26,36,37,40,38,R
01/04/1995,1,20,32,34,35,37,27,R
05/04/1995,7,12,15,24,28,37,41,R
08/04/1995,20,22,26,29,31,41,23,R
12/04/1995,2,25,28,29,30,41,9,R
15/04/1995,14,17,28,29,35,38,3,R
19/04/1995,1,24,26,29,32,37,36,R
22/04/1995,9,10,11,13,22,29,41,R
26/04/1995,11,20,22,23,33,39,6,R
29/04/1995,11,16,24,25,28,29,35,R
03/05/1995,12,16,23,34,36,41,19,R
06/05/1995,12,16,24,27,34,36,10,R
10/05/1995,4,6,9,16,31,42,40,R
13/05/1995,4,5,14,24,29,38,19,R
17/05/1995,3,16,25,32,33,39,28,R
20/05/1995,15,20,21,32,36,39,7,R
24/05/1995,1,3,6,11,24,40,27,R
27/05/1995,4,14,18,35,36,40,41,R
31/05/1995,1,3,8,22,23,36,20,R
03/06/1995,7,15,17,25,26,31,11,R
07/06/1995,7,10,11,15,20,38,25,R
10/06/1995,1,6,16,23,25,31,20,R
14/06/1995,4,11,24,29,30,36,19,R
17/06/1995,14,16,17,18,21,33,35,R
21/06/1995,9,11,15,34,36,38,5,R
24/06/1995,2,16,21,23,31,41,32,R
28/06/1995,1,5,18,19,22,25,17,R
01/07/1995,4,26,27,40,41,42,6,R
05/07/1995,3,12,13,23,28,32,18,R
08/07/1995,7,11,26,33,35,39,27,R
12/07/1995,5,15,16,21,25,27,17,R
15/07/1995,7,16,19,26,28,34,24,R
19/07/1995,9,16,21,26,31,37,28,R
22/07/1995,1,3,16,24,26,39,14,R
26/07/1995,3,7,14,15,34,38,4,R
29/07/1995,1,6,16,31,36,37,2,R
02/08/1995,2,7,10,23,36,40,32,R
05/08/1995,3,9,18,32,36,42,33,R
09/08/1995,2,4,7,13,28,34,26,R
12/08/1995,13,17,23,31,35,38,39,R
16/08/1995,4,11,14,30,36,38,22,R
19/08/1995,2,4,19,22,24,41,14,R
23/08/1995,4,18,20,25,31,38,8,R
26/08/1995,3,9,20,32,35,42,19,R
30/08/1995,8,15,17,21,26,42,9,L1
02/09/1995,1,12,26,35,37,40,10,R
02/09/1995,21,24,32,34,35,36,5,S
06/09/1995,3,16,22,30,31,41,39,R
09/09/1995,3,23,26,33,38,40,30,L1
13/09/1995,26,29,30,35,39,42,4,R
16/09/1995,13,14,25,27,34,42,10,R
20/09/1995,3,6,12,13,27,37,25,R
23/09/1995,1,8,9,13,14,33,11,R
27/09/1995,15,20,22,26,29,36,41,R
30/09/1995,8,13,18,28,30,38,19,R
04/10/1995,4,6,11,30,33,42,23,R
07/10/1995,3,4,7,15,29,37,36,R
11/10/1995,16,17,21,25,26,39,2,L1
14/10/1995,4,9,17,23,32,41,10,R
18/10/1995,10,11,23,27,30,37,13,R
21/10/1995,4,7,9,10,20,30,21,R
25/10/1995,14,23,30,39,40,42,22,R
28/10/1995,1,5,7,9,20,36,42,R
01/11/1995,1,2,3,14,25,42,7,R
04/11/1995,4,21,24,27,33,41,8,R
08/11/1995,6,9,12,32,37,40,23,R
11/11/1995,5,19,35,37,39,41,3,R
15/11/1995,1,28,31,34,37,38,36,R
18/11/1995,2,7,20,24,26,33,6,R
22/11/1995,4,12,17,18,23,29,9,R
25/11/1995,4,9,11,18,33,40,37,R
29/11/1995,4,12,13,20,37,38,16,R
02/12/1995,5,7,17,31,39,41,41,R
06/12/1995,5,6,11,23,25,29,10,R
09/12/1995,1,5,18,28,33,40,23,R
13/12/1995,5,7,8,21,25,41,28,R
16/12/1995,11,22,24,34,37,39,3,R
20/12/1995,1,2,10,18,32,34,11,R
20/12/1995,6,17,24,28,30,32,42,SP
23/12/1995,1,7,8,16,32,39,40,R
27/12/1995,4,7,9,12,21,42,41,R
30/12/1995,11,15,16,30,33,36,17,R
03/01/1996,7,12,17,18,20,32,3,R
06/01/1996,8,10,13,33,35,39,25,R
10/01/1996,3,21,24,28,39,41,6,R
13/01/1996,3,4,9,13,19,28,17,R
17/01/1996,6,7,12,21,34,37,24,R
20/01/1996,7,16,29,33,38,42,22,R
24/01/1996,6,16,32,34,35,37,8,R
27/01/1996,6,10,13,14,25,28,41,R
31/01/1996,1,10,12,13,32,42,16,R
03/02/1996,4,15,18,26,30,41,7,R
07/02/1996,4,6,15,18,21,26,9,R
10/02/1996,4,21,23,34,36,42,8,R
14/02/1996,7,11,18,30,33,42,24,R
17/02/1996,10,11,15,17,18,34,32,R
21/02/1996,2,7,22,29,31,37,16,SP
21/02/1996,4,4,24,44,44,44,44,SP
21/02/1996,2,7,22,29,31,37,16,SP
21/02/1996,4,4,24,44,44,44,44,SP



